00110001010010000110100100100001
01010001010010000110100100100001
01110001010010000110100100100001
10010001010010000110100100100001
10110001010010000110100100100001
11010001010010000110100100100001
11110001010010000110100100100001
00110101010010000110100100100001
01010101010010000110100100100001
01110101010010000110100100100001
10010101010010000110100100100001
10110101010010000110100100100001
11010101010010000110100100100001
11110101010010000110100100100001
00111001010010000110100100100001
01011001010010000110100100100001
01111001010010000110100100100001
10011001010010000110100100100001
10111001010010000110100100100001
11011001010010000110100100100001
11111001010010000110100100100001
00101001010010000110100100100001
01001001010010000110100100100001
01101001010010000110100100100001
10001001010010000110100100100001
10101001010010000110100100100001
11001001010010000110100100100001
11101001010010000110100100100001
00101101010010000110100100100001
01001101010010000110100100100001
01101101010010000110100100100001
10001101010010000110100100100001
10101101010010000110100100100001
11001101010010000110100100100001
11101101010010000110100100100001
00111101010010000110100100100001
01011101010010000110100100100001
01111101010010000110100100100001
10011101010010000110100100100001
10111101010010000110100100100001
11011101010010000110100100100001
11111101010010000110100100100001
00100101010010000110100100100001
01000101010010000110100100100001
01100101010010000110100100100001
10000101010010000110100100100001
10100101010010000110100100100001
11000101010010000110100100100001
11100101010010000110100100100001
10010001010000100110111101101110
10010101011010100110111101110101
10011001011100100010000000100001
10011001010001010100111001000100
01110001010100110110000101101100
01110101011101010111010000100001
01110101010001010100111001000100
10110001010011100110111100100000
10110001011011010110111101110010
10110001011001010010000001110000
10110001011000010111000001100101
10110001011100100010000001101001
10110001011011100111010001101111
10110001001000000111010001101000
10110001011001010010000001110111
10110001011000110010000000100001
10110001010001010100111001000100
00110110010101000010000001101000
00110110010101000010000001101000
00110110010101000010000001101000
00110110011010010110011101101000
00110110011010010110011101101000
00110110011010010110011101101000
01111111010011010100000101011001
01111111010011010100000101011001
01111111010011010100000101011001
01111111010011010100000101011001
01111010010011010100000101011001
01111010010011010100000101011001
01110001010011110100101100100001
10011111010100110111010001110010
11011111010101000111001001100001
00000000010101010101010101010101
10011111010100110111010001110010
11011111010101000111001001100001
10011111010100110111010001110010
11011111010101000111001001100001
10011111010100110111010001110010
11011111010101000111001001100001
10011111010100110111010001110010
11011111010101000111001001100001
00000000010101010101010101010101
11011011010011100100110001000111
11011011010011100100110001000111
11011011010011100100110001000111
01010110010100000111001001100101
01010110010100000111001001100101
10110010010100000100001000100000
10110010010100000100001000100000
00000000010101010101010101010101
00000000010101010101010101010101
01010101010100000111001001100101
10110010010100000100001000100000
01010110010100000100001000100000
01010110010100000100001000100000
01010110010100000100001000100001
01010001010011110100101100100001
00111110010001010110111001100111
00111110010001010110111001100111
00111110010001010110111001100111
00111110011010010110111001100101
00111110011010010110111001100101
00111110011010010110111001100101
00111110001100010010000001100110
00111110001100010010000001100110
00111110001100010010000001100110
00111110011010010111001001100101
00111110011010010111001001100101
00111110011010010111001001100101
00111110001000010010000100100001
00111110001000010010000100100001
00111110001000010010000100100001
00111110010001010100111001000100
00111110010001010100111001000100
00111110010001010100111001000100
00111111010001010110111001100111
00111111010001010110111001100111
00111111010001010110111001100111
00111111010001010110111001100111
00111111010001010110111001100111
00111111011010010110111001100101
00111111011010010110111001100101
00111111011010010110111001100101
00111111011010010110111001100101
00111111011010010110111001100101
00111111001100100010000001100110
00111111001100100010000001100110
00111111001100100010000001100110
00111111001100100010000001100110
00111111001100100010000001100110
00111111011010010111001001100101
00111111011010010111001001100101
00111111011010010111001001100101
00111111011010010111001001100101
00111111011010010111001001100101
00111111001000010010000100100001
00111111001000010010000100100001
00111111001000010010000100100001
00111111001000010010000100100001
00111111001000010010000100100001
00111111010001010100111001000100
00111111010001010100111001000100
00111111010001010100111001000100
00111111010001010100111001000100
00111111010001010100111001000100
00110110010101001011000001101000
00110110010101001011000001101000
00110110010101001011000001101000
00110110010101001011000001101000
00110110011010010110011101101000
00110110011010010110011101101000
00110110011010010110011101101000
01011011010101110100001100100000
01011011010101110100001100100000
00000000010101010101010101010101
00000000010101010101010101010101
01011011010101110100001100100000
01011011010101110100001100100000
01011011010101110100001100100000
01011011011001010111100001110000
01011011011001010111100001110000
01011011011001010111100001110000
01011011011001010111100001110000
01011011011001010111100001110000
01011011011011000110111101110011
01011011011011000110111101110011
01011011011011000110111101110011
01011011011011000110111101110011
01011011011011000110111101110011
01011011011001010110010000100000
01011011011001010110010000100000
01011011011001010110010000100000
01011011011001010110010000100000
01011011011001010110010000100000
01011011001110100010110100101000
01011011001110100010110100101000
01011011001110100010110100101000
01011011001110100010110100101000
01011011001110100010110100101000
01011011010001010100111001000100
01011011010001010100111001000100
01011011010001010100111001000100
01011011010001010100111001000100
01011011010001010100111001000100
01010001011011000110111101101100
01010001011011000110111101101100
01010001011011000110111101101100
00110110010011010100000101011001
00110110010011010100000101011001
00110110010011010100000101011001
00110110010001000100000101011001
00110110010001000100000101011001
00110110010001000100000101011001
00000000010101010101010101010101
00000000010101010101010101010101
00000000010101010101010101010101
10111111010100000110110001110101
10111111010100000110110001110101
10111111010100000110110001110101
10111111010100000110110001110101
10111111010100000110110001110101
10111111011100110010000001100100
10111111011100110010000001100100
10111111011100110010000001100100
10111111011100110010000001100100
10111111011100110010000001100100
10111111001001110110010101101100
10111111001001110110010101101100
10111111001001110110010101101100
10111111001001110110010101101100
10111111001001110110010101101100
10111111011001010110001100111100
10111111011001010110001100111100
00000000010101010101010101010101
10111111011001010110001100111100
10111111011001010110001100111100
10111111011001010110001100111100
10111111001110100010110100101001
10111111001110100010110100101001
10111111001110100010110100101001
10111111001110100010110100101001
10111111001110100010110100101001
00110001010010000110100100100001
01010001010010000110100100100001
01110001010010000110100100100001
10010001010010000110100100100001
10110001010010000110100100100001
11010001010010000110100100100001
11110001010010000110100100100001
00110101010010000110100100100001
01010101010010000110100100100001
01110101010010000110100100100001
10010101010010000110100100100001
10110101010010000110100100100001
11010101010010000110100100100001
11110101010010000110100100100001
00111001010010000110100100100001
01011001010010000110100100100001
01111001010010000110100100100001
10011001010010000110100100100001
10111001010010000110100100100001
11011001010010000110100100100001
11111001010010000110100100100001
00101001010010000110100100100001
01001001010010000110100100100001
01101001010010000110100100100001
10001001010010000110100100100001
10101001010010000110100100100001
11001001010010000110100100100001
11101001010010000110100100100001
00101101010010000110100100100001
01001101010010000110100100100001
01101101010010000110100100100001
10001101010010000110100100100001
10101101010010000110100100100001
11001101010010000110100100100001
11101101010010000110100100100001
00000000010101010101010101010101
00111101010010000110100100100001
01011101010010000110100100100001
01111101010010000110100100100001
10011101010010000110100100100001
10111101010010000110100100100001
11011101010010000110100100100001
11111101010010000110100100100001
00100101010010000110100100100001
01000101010010000110100100100001
01100101010010000110100100100001
10000101010010000110100100100001
10100101010010000110100100100001
11000101010010000110100100100001
11100101010010000110100100100001
00111110010001010110111001100111
00111110010001010110111001100111
01011011010101110100001100100000
00111110010001010110111001100111
01011011010101110100001100100000
00111110011010010110111001100101
01011011010101110100001100100000
00111110011010010110111001100101
01011011010101110100001100100000
00111110011010010110111001100101
01011011010101110100001100100000
01011011010010000101001100100001
00111110001100010010000001100110
00000000010101010101010101010101
00111110001100010010000001100110
00111110001100010010000001100110
00111110011010010111001001100101
00111110011010010111001001100101
00111110011010010111001001100101
01011011010010000101001100100001
00111110001000010010000100100001
00111110001000010010000100100001
00000000010101010101010101010101
00111110001000010010000100100001
00111110010001010100111001000100
00111110010001010100111001000100
00111110010001010100111001000100
00111111010001010110111001100111
00111111010001010110111001100111
00111111010001010110111001100111
00111111010001010110111001100111
00000000010101010101010101010101
00111111010001010110111001100111
00111111011010010110111001100101
00111111011010010110111001100101
00111111011010010110111001100101
00111111011010010110111001100101
00111111011010010110111001100101
00111111001100100010000001100110
00111111001100100010000001100110
00111111001100100010000001100110
00000000010101010101010101010101
00111111001100100010000001100110
00111111001100100010000001100110
00111111011010010111001001100101
00111111011010010111001001100101
00111111011010010111001001100101
01011011010010000101001100100001
00111111011010010111001001100101
00111111011010010111001001100101
00000000010101010101010101010101
00111111001000010010000100100001
00111111001000010010000100100001
00111111001000010010000100100001
00000000010101010101010101010101
00111111001000010010000100100001
00111111001000010010000100100001
00111111010001010100111001000100
01011011010010000101001100100001
00111111010001010100111001000100
00111111010001010100111001000100
00000000010101010101010101010101
00111111010001010100111001000100
00111111010001010100111001000100
00000000010101010101010101010101
01011011010010000101001100100001
00000000010101010101010101010101
